tests/testthat/test_data/SBE09_0745_20260313_1005_77SE_06_0276.cnv
* Sea-Bird SBE 9 Data File:
* FileName = C:\svea_ctd\data_seasave\2026\SBE09_0745_20260313_1003_77SE_06_0276.hex
* Software Version Seasave V 7.26.7.121
* Temperature SN = 5351
* Conductivity SN = 2994
* Number of Bytes Per Scan = 41
* Number of Voltage Words = 4
* Number of Scans Averaged by the Deck Unit = 1
* NMEA Latitude = 56 40.09 N
* NMEA Longitude = 012 06.63 E
* NMEA UTC (Time) = Mar 13 2026  10:05:30
* NMEA baud rate = 4800
** Station: ANHOLT E
** Operator: KDal
** Ship: 77SE Svea
** Average sound velocity: 1474.03 m/s
** True-depth calculation: Fri, 13 Mar 2026 11:13:48 +0000
** Cruise: 77SE-2026-06
** Latitude [GG MM.mm N]:
** Longitude [GG MM.mm E]:
** Pumps: PrimaryPump: 9868 # SecondaryPump: 9782
** EventIDs: EventID: E48D9796-4AF0-4D42-AB8E-71AC2D846640 # ParentEventID: 1D49BA42-0508-477C-8580-CFB5C9B0B6CC
** Additional Sampling:
** Metadata admin: MPROG: NATL # PROJ: BAS # ORDERER: HAV, SMHI # SLABO: SMHI # ALABO: SMHI # REFSK: HC-B-B8, HC-C-C2, OM7
** Metadata conditions: WADEP: 60 # WINSP: 14.3 # WINDIR: 17 # AIRPRES: 998.9 # AIRTEMP: 5.6 # WEATH: 1 # CLOUD: 7 # WAVES: 3 # ICEOB: 0 # COMNT_VISIT:
** LIMS Job: 20267710-0276
# nquan = 33
# nvalues = 115
# units = specified
# name 0 = scan: Scan Count
# name 1 = prDM: Pressure, Digiquartz [db]
# name 2 = t090C: Temperature [ITS-90, deg C]
# name 3 = t190C: Temperature, 2 [ITS-90, deg C]
# name 4 = c0S/m: Conductivity [S/m]
# name 5 = c1S/m: Conductivity, 2 [S/m]
# name 6 = pumps: Pump Status
# name 7 = sbeox0V: Oxygen raw, SBE 43 [V]
# name 8 = sbeox1V: Oxygen raw, SBE 43, 2 [V]
# name 9 = altM: Altimeter [m]
# name 10 = dz/dtM: Descent Rate [m/s]
# name 11 = flECO-AFL: Chl-a Fluorescence, WET Labs ECO-AFL/FL [mg/m^3]
# name 12 = flECO-AFL1: Phycocyanin Fluorescence, WET Labs ECO-AFL/FL, 2 [mg/m^3]
# name 13 = par: PAR/Irradiance, Biospherical/Licor [µE/(cm^2*s)]
# name 14 = turbWETntu0: Turbidity, WET Labs ECO [NTU]
# name 15 = sal00: Salinity, Practical [PSU]
# name 16 = sal11: Salinity, Practical, 2 [PSU]
# name 17 = secS-priS: Salinity, Practical, Difference, 2 - 1 [PSU]
# name 18 = T2-T190C: Temperature Difference, 2 - 1 [ITS-90, deg C]
# name 19 = density00: Density [density, kg/m^3]
# name 20 = density11: Density, 2 [density, kg/m^3]
# name 21 = sigma-é00: Density [sigma-theta, kg/m^3]
# name 22 = sigma-é11: Density, 2 [sigma-theta, kg/m^3]
# name 23 = depSM: Depth [salt water, m], lat = 56.6682
# name 24 = depFM: Depth [true depth, m], lat = 56.6682
# name 25 = svCM: Sound Velocity [Chen-Millero, m/s]
# name 26 = svCM1: Sound Velocity, 2 [Chen-Millero, m/s]
# name 27 = sbeox0ML/L: Oxygen, SBE 43 [ml/l], WS = 2
# name 28 = sbeox1ML/L: Oxygen, SBE 43, 2 [ml/l], WS = 2
# name 29 = sbeox0PS: Oxygen, SBE 43 [% saturation], WS = 2
# name 30 = sbeox1PS: Oxygen, SBE 43, 2 [% saturation], WS = 2
# name 31 = nbin: number of scans per bin
# name 32 = flag: flag
# span 0 =      36626,      40838
# span 1 =      2.000,     59.000
# span 2 =     2.3155,     8.2842
# span 3 =     2.3171,     8.2851
# span 4 =   2.058799,   3.636911
# span 5 =   2.058763,   3.636907
# span 6 =          1,          1
# span 7 =     2.7394,     3.4438
# span 8 =     2.3126,     2.9148
# span 9 =      -4.91,      58.47
# span 10 =     -0.545,      0.684
# span 11 =     0.0369,     1.5379
# span 12 =    -0.0342,     0.1511
# span 13 = -1.361e-06, 1.0386e+02
# span 14 =     0.1021,     1.7494
# span 15 =    22.2787,    34.8661
# span 16 =    22.2781,    34.8650
# span 17 =    -0.0750,     0.4054
# span 18 =    -0.0372,     0.2065
# span 19 =  1017.8064,  1027.3947
# span 20 =  1017.8110,  1027.3928
# span 21 =    17.7806,    27.1281
# span 22 =    17.7801,    27.1270
# span 23 =      1.982,     58.451
# span 24 =      2.001,     58.643
# span 25 =    1442.95,    1484.30
# span 26 =    1442.98,    1484.30
# span 27 =     5.0812,     8.6273
# span 28 =     5.1362,     8.6309
# span 29 =     77.406,    105.256
# span 30 =     78.238,    105.338
# span 31 =          2,         56
# span 32 = 0.0000e+00, 0.0000e+00
# interval = decibars: 0.5
# start_time = Mar 13 2026 10:05:31 [NMEA time, first data scan]
# bad_flag = -9.990e-29
*END*
[from data line 44]
      38092     24.000     7.9024     7.9040    3.56643    3.56663          1     2.8488     2.4181      36.80      0.280     0.0593     0.0648  2.116e+00  0.3830000    34.4966    34.4971     0.0005     0.0017  1027.0027  1027.0028    26.8933    26.8935     23.779     23.934    1481.88    1481.88     5.3937     5.4749    81.2800    82.5060         19  0.000e+00
      38109     24.500     7.9143     7.9156    3.56869    3.56876          1     2.8475     2.4152      36.47      0.516     0.0721     0.0850  1.993e+00  0.4152000    34.5090    34.5083    -0.0007     0.0014  1027.0129  1027.0122    26.9013    26.9006     24.274     24.430    1481.95    1481.95     5.3889     5.4651    81.2360    82.3860         16  0.000e+00
      38126     25.000     7.9154     7.9166    3.56922    3.56922          1     2.8453     2.4125      35.98      0.684     0.0771     0.1073  1.871e+00  0.4389000    34.5133    34.5121    -0.0012     0.0012  1027.0184  1027.0173    26.9046    26.9034     24.770     24.926    1481.96    1481.97     5.3834     5.4575    81.1570    82.2750         19  0.000e+00
      38151     25.500     7.9131     7.9140    3.56936    3.56928          1     2.8436     2.4115      35.33      0.613     0.0839     0.0272  1.744e+00  0.4625000    34.5168    34.5149    -0.0018     0.0010  1027.0238  1027.0222    26.9076    26.9061     25.265     25.421    1481.97    1481.97     5.3796     5.4551    81.0970    82.2360         30  0.000e+00
      38205     26.000     7.9110     7.9122    3.56914    3.56921          1     2.8399     2.4093      34.63      0.167     0.0827     0.0667  1.633e+00  0.3922000    34.5162    34.5158    -0.0004     0.0012  1027.0259  1027.0254    26.9075    26.9070     25.760     25.917    1481.97    1481.97     5.3711     5.4494    80.9650    82.1480         36  0.000e+00
      38231     26.500     7.9528     7.9510    3.57789    3.57742          1     2.8364     2.4052      34.39      0.375     0.0805     0.0229  1.564e+00  0.4265000    34.5688    34.5655    -0.0033    -0.0018  1027.0633  1027.0610    26.9426    26.9403     26.256     26.413    1482.20    1482.19     5.3552     5.4310    80.8300    81.9680         22  0.000e+00
      38252     27.000     7.9842     7.9857    3.58374    3.58390          1     2.8326     2.4020      33.92      0.516     0.0894     0.0476  1.468e+00  0.4959000    34.6003    34.6006     0.0003     0.0015  1027.0856  1027.0856    26.9627    26.9627     26.751     26.909    1482.36    1482.37     5.3409     5.4165    80.6870    81.8310         21  0.000e+00
      38275     27.500     8.0260     8.0242    3.59125    3.59092          1     2.8285     2.3986      33.32      0.550     0.0686     0.0274  1.363e+00  0.6075000    34.6392    34.6375    -0.0017    -0.0019  1027.1122  1027.1111    26.9870    26.9860     27.246     27.405    1482.58    1482.57     5.3242     5.4005    80.5310    81.6810         25  0.000e+00
      38304     28.000     8.0887     8.0866    3.60212    3.60181          1     2.8240     2.3937      32.72      0.453     0.0485     0.0148  1.275e+00  0.6531000    34.6935    34.6922    -0.0012    -0.0021  1027.1476  1027.1469    27.0202    27.0196     27.742     27.901    1482.89    1482.88     5.3030     5.3768    80.3520    81.4640         34  0.000e+00
      38337     28.500     8.1183     8.1201    3.60753    3.60771          1     2.8194     2.3893      32.24      0.352     0.1056     0.0540  1.199e+00  0.7484000    34.7218    34.7220     0.0002     0.0018  1027.1677  1027.1675    27.0380    27.0379     28.237     28.397    1483.05    1483.05     5.2871     5.3593    80.1780    81.2770         28  0.000e+00
      38362     29.000     8.1327     8.1345    3.61023    3.61043          1     2.8160     2.3871      31.78      0.436     0.0652     0.0097  1.129e+00  0.8008000    34.7363    34.7367     0.0004     0.0018  1027.1791  1027.1792    27.0472    27.0473     28.732     28.893    1483.12    1483.13     5.2767     5.3510    80.0540    81.1860         24  0.000e+00
      38388     29.500     8.1454     8.1480    3.61279    3.61307          1     2.8137     2.3853      31.27      0.476     0.0494     0.0037  1.060e+00  0.8577000    34.7509    34.7513     0.0004     0.0026  1027.1909  1027.1908    27.0567    27.0567     29.228     29.389    1483.20    1483.21     5.2692     5.3439    79.9700    81.1090         30  0.000e+00
      38421     30.000     8.1505     8.1514    3.61372    3.61370          1     2.8120     2.3845      30.70      0.380     0.0712     0.0352  9.754e-01  0.8608000    34.7554    34.7544    -0.0011     0.0009  1027.1960  1027.1950    27.0596    27.0586     29.723     29.884    1483.23    1483.24     5.2645     5.3415    79.9100    81.0810         35  0.000e+00
      38450     30.500     8.1534     8.1541    3.61432    3.61427          1     2.8110     2.3837      30.28      0.369     0.0369     0.0352  8.984e-01  0.8702000    34.7587    34.7576    -0.0012     0.0007  1027.2004  1027.1994    27.0617    27.0607     30.218     30.380    1483.25    1483.26     5.2619     5.3391    79.8780    81.0510         23  0.000e+00
      38472     31.000     8.1543     8.1552    3.61448    3.61447          1     2.8109     2.3837      29.91      0.492     0.0577     0.0498  8.281e-01  0.8824000    34.7594    34.7583    -0.0011     0.0009  1027.2031  1027.2021    27.0621    27.0612     30.714     30.876    1483.27    1483.27     5.2618     5.3391    79.8790    81.0530         20  0.000e+00
      38496     31.500     8.1549     8.1558    3.61454    3.61452          1     2.8108     2.3834      29.32      0.541     0.0429     0.0627  7.613e-01  0.9014000    34.7593    34.7581    -0.0011     0.0009  1027.2052  1027.2041    27.0619    27.0609     31.209     31.372    1483.28    1483.28     5.2619     5.3386    79.8810    81.0460         32  0.000e+00
      38543     32.000     8.1560     8.1565    3.61464    3.61459          1     2.8097     2.3820      28.61      0.244     0.0967     0.0190  6.983e-01  0.8895000    34.7589    34.7579    -0.0010     0.0005  1027.2070  1027.2061    27.0615    27.0606     31.705     31.868    1483.29    1483.29     5.2591     5.3349    79.8410    80.9910         46  0.000e+00
      38574     32.500     8.1568     8.1580    3.61499    3.61494          1     2.8053     2.3783      28.26      0.307     0.0732     0.0828  6.360e-01  0.9065000    34.7616    34.7599    -0.0017     0.0012  1027.2113  1027.2098    27.0635    27.0620     32.200     32.364    1483.30    1483.31     5.2483     5.3245    79.6790    80.8370         20  0.000e+00
      38592     33.000     8.1549     8.1548    3.61549    3.61531          1     2.8027     2.3762      28.01      0.519     0.0580     0.0622  5.743e-01  0.9283000    34.7686    34.7668    -0.0018    -0.0001  1027.2193  1027.2179    27.0693    27.0679     32.695     32.859    1483.32    1483.31     5.2421     5.3191    79.5860    80.7540         17  0.000e+00
      38611     33.500     8.1670     8.1674    3.61746    3.61740          1     2.7993     2.3733      27.37      0.650     0.0595     0.0282  5.152e-01  0.9558000    34.7775    34.7764    -0.0011     0.0004  1027.2268  1027.2258    27.0745    27.0735     33.191     33.355    1483.38    1483.38     5.2321     5.3092    79.4600    80.6310         22  0.000e+00
      38642     34.000     8.1748     8.1769    3.61864    3.61886          1     2.7959     2.3697      26.69      0.475     0.0777     0.0352  4.675e-01  0.9537000    34.7822    34.7823     0.0002     0.0021  1027.2315  1027.2313    27.0769    27.0768     33.686     33.851    1483.42    1483.43     5.2229     5.2979    79.3370    80.4800         43  0.000e+00
      38687     34.500     8.1822     8.1827    3.61991    3.61984          1     2.7911     2.3640      26.08      0.238     0.1041     0.0485  4.324e-01  0.9392000    34.7881    34.7867    -0.0014     0.0006  1027.2373  1027.2362    27.0805    27.0793     34.181     34.347    1483.47    1483.47     5.2103     5.2809    79.1610    80.2350         38  0.000e+00
      38715     35.000     8.1876     8.1886    3.62090    3.62092          1     2.7872     2.3593      25.75      0.356     0.0686     0.0137  3.818e-01  0.9956000    34.7931    34.7923    -0.0008     0.0010  1027.2427  1027.2419    27.0836    27.0828     34.677     34.843    1483.50    1483.50     5.2000     5.2671    79.0170    80.0380         22  0.000e+00
      38735     35.500     8.2040     8.2054    3.62374    3.62386          1     2.7844     2.3564      25.43      0.513     0.0752     0.0287  3.327e-01  1.0189000    34.8070    34.8068    -0.0002     0.0015  1027.2534  1027.2530    27.0921    27.0916     35.172     35.339    1483.59    1483.59     5.1908     5.2567    78.9130    79.9170         19  0.000e+00
      38756     36.000     8.2128     8.2139    3.62518    3.62521          1     2.7827     2.3555      24.82      0.600     0.0764     0.0652  2.992e-01  1.0475000    34.8133    34.8125    -0.0008     0.0011  1027.2593  1027.2585    27.0957    27.0949     35.667     35.835    1483.64    1483.64     5.1856     5.2531    78.8530    79.8810         23  0.000e+00
      38787     36.500     8.2145     8.2163    3.62547    3.62561          1     2.7808     2.3542      24.19      0.457     0.0649     0.0577  2.688e-01  1.0844000    34.8145    34.8142    -0.0003     0.0018  1027.2622  1027.2617    27.0964    27.0959     36.163     36.330    1483.65    1483.66     5.1808     5.2494    78.7830    79.8300         41  0.000e+00
      38830     37.000     8.2138     8.2162    3.62542    3.62561          1     2.7792     2.3524      23.59      0.263     0.0735     0.0962  2.381e-01  1.0143000    34.8144    34.8141    -0.0003     0.0024  1027.2645  1027.2639    27.0964    27.0958     36.658     36.826    1483.66    1483.66     5.1774     5.2445    78.7310    79.7550         40  0.000e+00
      38862     37.500     8.2147     8.2151    3.62556    3.62547          1     2.7777     2.3515      23.16      0.344     0.0597     0.0447  1.989e-01  1.0262000    34.8149    34.8134    -0.0015     0.0005  1027.2671  1027.2658    27.0966    27.0954     37.153     37.322    1483.67    1483.67     5.1739     5.2426    78.6790    79.7230         26  0.000e+00
      38885     38.000     8.2151     8.2163    3.62567    3.62571          1     2.7769     2.3510      22.75      0.457     0.0605     0.0824  1.721e-01  1.0853000    34.8154    34.8146    -0.0008     0.0012  1027.2696  1027.2688    27.0969    27.0961     37.649     37.818    1483.68    1483.68     5.1721     5.2411    78.6530    79.7040         21  0.000e+00
      38906     38.500     8.2172     8.2183    3.62605    3.62608          1     2.7767     2.3503      22.27      0.542     0.0803     0.0694  1.534e-01  1.0917000    34.8172    34.8163    -0.0009     0.0012  1027.2730  1027.2722    27.0980    27.0972     38.144     38.314    1483.70    1483.70     5.1716     5.2392    78.6490    79.6790         22  0.000e+00
      38931     39.000     8.2185     8.2196    3.62629    3.62630          1     2.7772     2.3489      21.70      0.534     0.0806     0.0875  1.299e-01  1.1112000    34.8181    34.8171    -0.0009     0.0011  1027.2758  1027.2749    27.0986    27.0977     38.639     38.810    1483.71    1483.72     5.1728     5.2355    78.6710    79.6260         29  0.000e+00
      38971     39.500     8.2190     8.2204    3.62639    3.62643          1     2.7763     2.3489      21.06      0.322     0.0663     0.0773  1.141e-01  1.0472000    34.8184    34.8175    -0.0008     0.0013  1027.2782  1027.2774    27.0987    27.0979     39.135     39.305    1483.72    1483.73     5.1708     5.2358    78.6420    79.6320         47  0.000e+00
      39007     40.000     8.2198     8.2209    3.62656    3.62658          1     2.7744     2.3495      20.66      0.283     0.0585     0.0415  1.031e-01  1.0626000    34.8193    34.8184    -0.0010     0.0012  1027.2812  1027.2802    27.0994    27.0984     39.630     39.801    1483.73    1483.74     5.1663     5.2376    78.5750    79.6610         24  0.000e+00
      39027     40.500     8.2210     8.2219    3.62679    3.62678          1     2.7739     2.3490      20.35      0.465     0.0610     0.0544  8.749e-02  1.0669000    34.8202    34.8192    -0.0010     0.0009  1027.2840  1027.2830    27.0999    27.0990     40.125     40.297    1483.75    1483.75     5.1652     5.2364    78.5610    79.6450         19  0.000e+00
      39045     41.000     8.2224     8.2236    3.62706    3.62711          1     2.7739     2.3478      19.94      0.610     0.0698     0.0743  6.873e-02  1.0670000    34.8215    34.8208    -0.0007     0.0012  1027.2870  1027.2863    27.1007    27.1000     40.621     40.793    1483.76    1483.77     5.1654     5.2331    78.5680    79.5990         18  0.000e+00
      39066     41.500     8.2239     8.2253    3.62737    3.62744          1     2.7725     2.3472      19.33      0.635     0.0780     0.0875  5.493e-02  1.0967000    34.8231    34.8224    -0.0007     0.0014  1027.2903  1027.2895    27.1017    27.1010     41.116     41.289    1483.78    1483.78     5.1621     5.2313    78.5200    79.5750         25  0.000e+00
      39102     42.000     8.2273     8.2275    3.62797    3.62783          1     2.7713     2.3459      18.61      0.394     0.0864     0.0267  3.337e-02  1.0745000    34.8259    34.8241    -0.0018     0.0003  1027.2943  1027.2928    27.1034    27.1020     41.611     41.785    1483.81    1483.80     5.1587     5.2276    78.4760    79.5230         46  0.000e+00
      39142     42.500     8.2283     8.2295    3.62816    3.62820          1     2.7695     2.3437      18.13      0.265     0.0914     0.0445  2.848e-02  1.0680000    34.8266    34.8259    -0.0007     0.0012  1027.2970  1027.2962    27.1038    27.1031     42.107     42.280    1483.82    1483.82     5.1544     5.2213    78.4130    79.4330         30  0.000e+00
      39167     43.000     8.2303     8.2312    3.62852    3.62851          1     2.7689     2.3431      17.64      0.417     0.0727     0.0677  1.420e-02  1.1014000    34.8282    34.8272    -0.0010     0.0009  1027.3002  1027.2993    27.1048    27.1039     42.602     42.776    1483.83    1483.84     5.1530     5.2197    78.3950    79.4120         24  0.000e+00
      39192     43.500     8.2326     8.2341    3.62899    3.62908          1     2.7685     2.3426      17.16      0.487     0.0738     0.1142  5.445e-03  1.1100000    34.8308    34.8303    -0.0005     0.0016  1027.3041  1027.3035    27.1065    27.1058     43.097     43.272    1483.85    1483.86     5.1521     5.2182    78.3880    79.3960         27  0.000e+00
      39221     44.000     8.2343     8.2357    3.62933    3.62939          1     2.7676     2.3419      16.63      0.436     0.0694     0.0562  3.081e-04  1.1073000    34.8324    34.8317    -0.0007     0.0014  1027.3074  1027.3067    27.1075    27.1067     43.592     43.768    1483.87    1483.88     5.1497     5.2164    78.3550    79.3720         31  0.000e+00
      39252     44.500     8.2369     8.2381    3.62977    3.62982          1     2.7667     2.3415      16.10      0.392     0.0724     0.0927 -1.361e-06  1.1671000    34.8344    34.8337    -0.0006     0.0012  1027.3108  1027.3101    27.1086    27.1080     44.088     44.264    1483.89    1483.90     5.1476     5.2151    78.3270    79.3570         28  0.000e+00
      39280     45.000     8.2367     8.2372    3.62979    3.62972          1     2.7666     2.3409      15.64      0.418     0.0803     0.0888  1.000e-12  1.1696000    34.8345    34.8332    -0.0013     0.0006  1027.3133  1027.3122    27.1088    27.1077     44.583     44.759    1483.90    1483.90     5.1475     5.2141    78.3270    79.3400         29  0.000e+00
