tests/testthat/test_data/SBE09_0745_20260313_1005_77SE_06_0276.cnv
* Sea-Bird SBE 9 Data File:
* FileName = C:\svea_ctd\data_seasave\2026\SBE09_0745_20260313_1003_77SE_06_0276.hex
* Software Version Seasave V 7.26.7.121
* Temperature SN = 5351
* Conductivity SN = 2994
* Number of Bytes Per Scan = 41
* Number of Voltage Words = 4
* Number of Scans Averaged by the Deck Unit = 1
* NMEA Latitude = 56 40.09 N
* NMEA Longitude = 012 06.63 E
* NMEA UTC (Time) = Mar 13 2026  10:05:30
* NMEA baud rate = 4800
** Station: ANHOLT E
** Operator: KDal
** Ship: 77SE Svea
** Average sound velocity: 1474.03 m/s
** True-depth calculation: Fri, 13 Mar 2026 11:13:48 +0000
** Cruise: 77SE-2026-06
** Latitude [GG MM.mm N]:
** Longitude [GG MM.mm E]:
** Pumps: PrimaryPump: 9868 # SecondaryPump: 9782
** EventIDs: EventID: E48D9796-4AF0-4D42-AB8E-71AC2D846640 # ParentEventID: 1D49BA42-0508-477C-8580-CFB5C9B0B6CC
** Additional Sampling:
** Metadata admin: MPROG: NATL # PROJ: BAS # ORDERER: HAV, SMHI # SLABO: SMHI # ALABO: SMHI # REFSK: HC-B-B8, HC-C-C2, OM7
** Metadata conditions: WADEP: 60 # WINSP: 14.3 # WINDIR: 17 # AIRPRES: 998.9 # AIRTEMP: 5.6 # WEATH: 1 # CLOUD: 7 # WAVES: 3 # ICEOB: 0 # COMNT_VISIT:
** LIMS Job: 20267710-0276
# nquan = 33
# nvalues = 115
# units = specified
# name 0 = scan: Scan Count
# name 1 = prDM: Pressure, Digiquartz [db]
# name 2 = t090C: Temperature [ITS-90, deg C]
# name 3 = t190C: Temperature, 2 [ITS-90, deg C]
# name 4 = c0S/m: Conductivity [S/m]
# name 5 = c1S/m: Conductivity, 2 [S/m]
# name 6 = pumps: Pump Status
# name 7 = sbeox0V: Oxygen raw, SBE 43 [V]
# name 8 = sbeox1V: Oxygen raw, SBE 43, 2 [V]
# name 9 = altM: Altimeter [m]
# name 10 = dz/dtM: Descent Rate [m/s]
# name 11 = flECO-AFL: Chl-a Fluorescence, WET Labs ECO-AFL/FL [mg/m^3]
# name 12 = flECO-AFL1: Phycocyanin Fluorescence, WET Labs ECO-AFL/FL, 2 [mg/m^3]
# name 13 = par: PAR/Irradiance, Biospherical/Licor [µE/(cm^2*s)]
# name 14 = turbWETntu0: Turbidity, WET Labs ECO [NTU]
# name 15 = sal00: Salinity, Practical [PSU]
# name 16 = sal11: Salinity, Practical, 2 [PSU]
# name 17 = secS-priS: Salinity, Practical, Difference, 2 - 1 [PSU]
# name 18 = T2-T190C: Temperature Difference, 2 - 1 [ITS-90, deg C]
# name 19 = density00: Density [density, kg/m^3]
# name 20 = density11: Density, 2 [density, kg/m^3]
# name 21 = sigma-é00: Density [sigma-theta, kg/m^3]
# name 22 = sigma-é11: Density, 2 [sigma-theta, kg/m^3]
# name 23 = depSM: Depth [salt water, m], lat = 56.6682
# name 24 = depFM: Depth [true depth, m], lat = 56.6682
# name 25 = svCM: Sound Velocity [Chen-Millero, m/s]
# name 26 = svCM1: Sound Velocity, 2 [Chen-Millero, m/s]
# name 27 = sbeox0ML/L: Oxygen, SBE 43 [ml/l], WS = 2
# name 28 = sbeox1ML/L: Oxygen, SBE 43, 2 [ml/l], WS = 2
# name 29 = sbeox0PS: Oxygen, SBE 43 [% saturation], WS = 2
# name 30 = sbeox1PS: Oxygen, SBE 43, 2 [% saturation], WS = 2
# name 31 = nbin: number of scans per bin
# name 32 = flag: flag
# span 0 =      36626,      40838
# span 1 =      2.000,     59.000
# span 2 =     2.3155,     8.2842
# span 3 =     2.3171,     8.2851
# span 4 =   2.058799,   3.636911
# span 5 =   2.058763,   3.636907
# span 6 =          1,          1
# span 7 =     2.7394,     3.4438
# span 8 =     2.3126,     2.9148
# span 9 =      -4.91,      58.47
# span 10 =     -0.545,      0.684
# span 11 =     0.0369,     1.5379
# span 12 =    -0.0342,     0.1511
# span 13 = -1.361e-06, 1.0386e+02
# span 14 =     0.1021,     1.7494
# span 15 =    22.2787,    34.8661
# span 16 =    22.2781,    34.8650
# span 17 =    -0.0750,     0.4054
# span 18 =    -0.0372,     0.2065
# span 19 =  1017.8064,  1027.3947
# span 20 =  1017.8110,  1027.3928
# span 21 =    17.7806,    27.1281
# span 22 =    17.7801,    27.1270
# span 23 =      1.982,     58.451
# span 24 =      2.001,     58.643
# span 25 =    1442.95,    1484.30
# span 26 =    1442.98,    1484.30
# span 27 =     5.0812,     8.6273
# span 28 =     5.1362,     8.6309
# span 29 =     77.406,    105.256
# span 30 =     78.238,    105.338
# span 31 =          2,         56
# span 32 = 0.0000e+00, 0.0000e+00
# interval = decibars: 0.5
# start_time = Mar 13 2026 10:05:31 [NMEA time, first data scan]
# bad_flag = -9.990e-29
*END*
[from data line 88]
      39341     46.000     8.2338     8.2348    3.62939    3.62938          1     2.7665     2.3406      14.52      0.389     0.0769     0.0555  1.000e-12  1.1284000    34.8326    34.8316    -0.0011     0.0010  1027.3168  1027.3158    27.1078    27.1068     45.574     45.751    1483.90    1483.91     5.1484     5.2141    78.3340    79.3350         30  0.000e+00
      39368     46.500     8.2336     8.2346    3.62938    3.62937          1     2.7664     2.3403      14.09      0.413     0.0616     0.0556  1.000e-12  1.1855000    34.8325    34.8314    -0.0011     0.0010  1027.3190  1027.3180    27.1077    27.1067     46.069     46.247    1483.91    1483.91     5.1486     5.2137    78.3370    79.3280         25  0.000e+00
      39393     47.000     8.2335     8.2344    3.62938    3.62936          1     2.7667     2.3397      13.59      0.470     0.0994     0.0647  1.000e-12  1.1423000    34.8324    34.8313    -0.0011     0.0009  1027.3212  1027.3202    27.1077    27.1066     46.564     46.743    1483.92    1483.92     5.1496     5.2124    78.3510    79.3080         26  0.000e+00
      39424     47.500     8.2338     8.2346    3.62944    3.62939          1     2.7659     2.3383      13.06      0.430     0.0944     0.0446  1.000e-12  1.1060000    34.8324    34.8312    -0.0013     0.0008  1027.3234  1027.3223    27.1076    27.1065     47.060     47.239    1483.93    1483.93     5.1480     5.2087    78.3280    79.2520         37  0.000e+00
      39462     48.000     8.2342     8.2356    3.62953    3.62960          1     2.7656     2.3370      12.46      0.299     0.0799     0.0348  1.000e-12  1.0738000    34.8328    34.8321    -0.0007     0.0015  1027.3260  1027.3252    27.1079    27.1071     47.555     47.734    1483.94    1483.94     5.1475     5.2050    78.3220    79.1980         33  0.000e+00
      39487     48.500     8.2382     8.2390    3.63022    3.63021          1     2.7650     2.3363      12.13      0.392     0.0724     0.0462  1.000e-12  1.0768000    34.8360    34.8349    -0.0011     0.0009  1027.3301  1027.3292    27.1098    27.1088     48.050     48.230    1483.96    1483.97     5.1456     5.2028    78.3010    79.1720         21  0.000e+00
      39507     49.000     8.2405     8.2422    3.63064    3.63075          1     2.7644     2.3354      11.73      0.540     0.1096     0.0690  1.000e-12  1.1096000    34.8379    34.8374    -0.0005     0.0017  1027.3336  1027.3329    27.1109    27.1103     48.546     48.726    1483.98    1483.99     5.1442     5.2003    78.2850    79.1420         19  0.000e+00
      39530     49.500     8.2438     8.2450    3.63116    3.63117          1     2.7642     2.3354      11.07      0.574     0.0857     0.0500  1.000e-12  1.1405000    34.8399    34.8389    -0.0011     0.0012  1027.3369  1027.3359    27.1120    27.1110     49.041     49.222    1484.01    1484.01     5.1436     5.2003    78.2820    79.1460         30  0.000e+00
      39571     50.000     8.2446     8.2458    3.63130    3.63130          1     2.7646     2.3351      10.40      0.307     0.0807     0.0547  1.000e-12  1.1160000    34.8404    34.8393    -0.0011     0.0011  1027.3394  1027.3384    27.1122    27.1112     49.536     49.718    1484.02    1484.02     5.1448     5.1997    78.3030    79.1390         45  0.000e+00
      39604     50.500     8.2515     8.2528    3.63232    3.63237          1     2.7629     2.3346       9.98      0.319     0.0677     0.0352  1.000e-12  1.1386000    34.8442    34.8434    -0.0008     0.0013  1027.3436  1027.3428    27.1142    27.1134     50.032     50.214    1484.06    1484.06     5.1399     5.1974    78.2410    79.1190         25  0.000e+00
      39627     51.000     8.2707     8.2706    3.63492    3.63481          1     2.7613     2.3347       9.58      0.465     0.0605     0.0375  1.000e-12  1.1793000    34.8527    34.8516    -0.0011    -0.0001  1027.3496  1027.3488    27.1180    27.1171     50.527     50.709    1484.15    1484.15     5.1335     5.1955    78.1830    79.1260         23  0.000e+00
      39653     51.500     8.2757     8.2764    3.63553    3.63551          1     2.7605     2.3339       9.01      0.503     0.0691     0.0317  1.000e-12  1.2097000    34.8539    34.8530    -0.0009     0.0007  1027.3521  1027.3513    27.1182    27.1174     51.022     51.205    1484.18    1484.18     5.1313     5.1928    78.1580    79.0950         30  0.000e+00
      39700     52.000     8.2772     8.2782    3.63574    3.63573          1     2.7594     2.3310       8.34      0.273     0.0761     0.0559  1.000e-12  1.2138000    34.8544    34.8534    -0.0010     0.0010  1027.3546  1027.3536    27.1184    27.1174     51.517     51.701    1484.19    1484.19     5.1285     5.1847    78.1180    78.9760         56  0.000e+00
      39758     52.500     8.2774     8.2786    3.63579    3.63581          1     2.7580     2.3297       7.83      0.212     0.0972     0.0435  1.000e-12  1.1980000    34.8546    34.8536    -0.0009     0.0011  1027.3569  1027.3560    27.1184    27.1175     52.013     52.197    1484.20    1484.20     5.1254     5.1813    78.0710    78.9240         52  0.000e+00
      39804     53.000     8.2776     8.2787    3.63585    3.63585          1     2.7560     2.3290       7.39      0.258     0.0952     0.0698  1.000e-12  1.2378000    34.8547    34.8537    -0.0010     0.0010  1027.3592  1027.3583    27.1185    27.1176     52.508     52.693    1484.21    1484.21     5.1207     5.1797    78.0000    78.9000         39  0.000e+00
      39844     53.500     8.2803     8.2815    3.63622    3.63625          1     2.7530     2.3275       6.84      0.314     0.0880     0.0414  1.000e-12  1.2744000    34.8558    34.8549    -0.0009     0.0012  1027.3620  1027.3611    27.1190    27.1181     53.003     53.189    1484.23    1484.23     5.1133     5.1752    77.8930    78.8370         31  0.000e+00
      39915     54.000     8.2827     8.2838    3.63657    3.63658          1     2.7494     2.3253       6.30      0.159     0.0685     0.0884  1.000e-12  1.2681000    34.8570    34.8559    -0.0010     0.0011  1027.3648  1027.3638    27.1195    27.1186     53.499     53.684    1484.25    1484.25     5.1042     5.1690    77.7580    78.7470         41  0.000e+00
      39946     54.500     8.2831     8.2843    3.63666    3.63669          1     2.7486     2.3243       5.95      0.344     0.0715     0.0862  1.000e-12  1.4259000    34.8573    34.8563    -0.0010     0.0013  1027.3673  1027.3663    27.1198    27.1188     53.994     54.180    1484.26    1484.26     5.1025     5.1665    77.7340    78.7110         35  0.000e+00
      40007     55.000     8.2837     8.2847    3.63678    3.63678          1     2.7476     2.3217       5.30      0.205     0.0853     0.0846  1.000e-12  1.3655000    34.8577    34.8566    -0.0011     0.0010  1027.3698  1027.3688    27.1200    27.1190     54.489     54.676    1484.27    1484.27     5.1003     5.1593    77.7020    78.6010         33  0.000e+00
      40063     55.500     8.2842     8.2851    3.63687    3.63687          1     2.7445     2.3191       4.85      0.226     0.0848     0.0639  1.000e-12  1.4165000    34.8579    34.8570    -0.0009     0.0010  1027.3722  1027.3713    27.1201    27.1192     54.984     55.172    1484.28    1484.28     5.0928     5.1522    77.5880    78.4940         45  0.000e+00
      40104     56.000     8.2837     8.2847    3.63691    3.63691          1     2.7415     2.3168       4.34      0.289     0.1023     0.0493  1.000e-12  1.5726000    34.8586    34.8575    -0.0011     0.0011  1027.3750  1027.3740    27.1207    27.1197     55.480     55.668    1484.29    1484.29     5.0856     5.1459    77.4780    78.3980         42  0.000e+00
      40152     56.500     8.2799     8.2806    3.63689    3.63689          1     2.7394     2.3150      47.83      0.249     0.1087     0.0478  1.000e-12  1.7494000    34.8619    34.8611    -0.0008     0.0007  1027.3805  1027.3798    27.1239    27.1232     55.975     56.163    1484.28    1484.29     5.0812     5.1416    77.4060    78.3270         52  0.000e+00
      40208     57.000     8.2767     8.2774    3.63681    3.63682          1     2.7399     2.3150      -4.91      0.214     0.1205     0.0489  1.000e-12  1.6916000    34.8640    34.8633    -0.0007     0.0007  1027.3849  1027.3843    27.1260    27.1254     56.470     56.659    1484.28    1484.29     5.0830     5.1422    77.4290    78.3320         34  0.000e+00
      40280     57.500     8.2753     8.2760    3.63680    3.63679          1     2.7410     2.3131       5.68      0.183     0.1077     0.0939  1.000e-12  1.6941000    34.8650    34.8642    -0.0008     0.0007  1027.3882  1027.3875    27.1270    27.1263     56.966     57.155    1484.29    1484.29     5.0862     5.1374    77.4760    78.2570         52  0.000e+00
      40351     58.000     8.2746     8.2756    3.63681    3.63680          1     2.7412     2.3126      33.66      0.157     0.0875     0.0621  1.000e-12  1.4832000    34.8656    34.8645    -0.0011     0.0010  1027.3910  1027.3900    27.1276    27.1266     57.461     57.651    1484.29    1484.30     5.0871     5.1362    77.4880    78.2380         29  0.000e+00
      40419     58.500     8.2739     8.2750    3.63681    3.63682          1     2.7414     2.3129      -3.27      0.208     0.1110     0.0543  1.000e-12  1.4691000    34.8661    34.8650    -0.0011     0.0012  1027.3938  1027.3928    27.1281    27.1270     57.956     58.147    1484.30    1484.30     5.0880     5.1374    77.5010    78.2550         40  0.000e+00
      40838     59.000     8.2657     8.2684    3.63576    3.63576          1     2.7413     2.3132       1.09      0.013     0.0966     0.0867  1.000e-12  1.3391000    34.8627    34.8601    -0.0026     0.0026  1027.3947  1027.3922    27.1267    27.1242     58.451     58.643    1484.27    1484.28     5.0893     5.1397    77.5050    78.2770         55  0.000e+00
