tests/testthat/test_data/SBE09_0745_20260313_1005_77SE_06_0276.cnv
* Sea-Bird SBE 9 Data File:
* FileName = C:\svea_ctd\data_seasave\2026\SBE09_0745_20260313_1003_77SE_06_0276.hex
* Software Version Seasave V 7.26.7.121
* Temperature SN = 5351
* Conductivity SN = 2994
* Number of Bytes Per Scan = 41
* Number of Voltage Words = 4
* Number of Scans Averaged by the Deck Unit = 1
* NMEA Latitude = 56 40.09 N
* NMEA Longitude = 012 06.63 E
* NMEA UTC (Time) = Mar 13 2026  10:05:30
* NMEA baud rate = 4800
** Station: ANHOLT E
** Operator: KDal
** Ship: 77SE Svea
** Average sound velocity: 1474.03 m/s
** True-depth calculation: Fri, 13 Mar 2026 11:13:48 +0000
** Cruise: 77SE-2026-06
** Latitude [GG MM.mm N]:
** Longitude [GG MM.mm E]:
** Pumps: PrimaryPump: 9868 # SecondaryPump: 9782
** EventIDs: EventID: E48D9796-4AF0-4D42-AB8E-71AC2D846640 # ParentEventID: 1D49BA42-0508-477C-8580-CFB5C9B0B6CC
** Additional Sampling:
** Metadata admin: MPROG: NATL # PROJ: BAS # ORDERER: HAV, SMHI # SLABO: SMHI # ALABO: SMHI # REFSK: HC-B-B8, HC-C-C2, OM7
** Metadata conditions: WADEP: 60 # WINSP: 14.3 # WINDIR: 17 # AIRPRES: 998.9 # AIRTEMP: 5.6 # WEATH: 1 # CLOUD: 7 # WAVES: 3 # ICEOB: 0 # COMNT_VISIT:
** LIMS Job: 20267710-0276
# nquan = 33
# nvalues = 115
# units = specified
# name 0 = scan: Scan Count
# name 1 = prDM: Pressure, Digiquartz [db]
# name 2 = t090C: Temperature [ITS-90, deg C]
# name 3 = t190C: Temperature, 2 [ITS-90, deg C]
# name 4 = c0S/m: Conductivity [S/m]
# name 5 = c1S/m: Conductivity, 2 [S/m]
# name 6 = pumps: Pump Status
# name 7 = sbeox0V: Oxygen raw, SBE 43 [V]
# name 8 = sbeox1V: Oxygen raw, SBE 43, 2 [V]
# name 9 = altM: Altimeter [m]
# name 10 = dz/dtM: Descent Rate [m/s]
# name 11 = flECO-AFL: Chl-a Fluorescence, WET Labs ECO-AFL/FL [mg/m^3]
# name 12 = flECO-AFL1: Phycocyanin Fluorescence, WET Labs ECO-AFL/FL, 2 [mg/m^3]
# name 13 = par: PAR/Irradiance, Biospherical/Licor [µE/(cm^2*s)]
# name 14 = turbWETntu0: Turbidity, WET Labs ECO [NTU]
# name 15 = sal00: Salinity, Practical [PSU]
# name 16 = sal11: Salinity, Practical, 2 [PSU]
# name 17 = secS-priS: Salinity, Practical, Difference, 2 - 1 [PSU]
# name 18 = T2-T190C: Temperature Difference, 2 - 1 [ITS-90, deg C]
# name 19 = density00: Density [density, kg/m^3]
# name 20 = density11: Density, 2 [density, kg/m^3]
# name 21 = sigma-é00: Density [sigma-theta, kg/m^3]
# name 22 = sigma-é11: Density, 2 [sigma-theta, kg/m^3]
# name 23 = depSM: Depth [salt water, m], lat = 56.6682
# name 24 = depFM: Depth [true depth, m], lat = 56.6682
# name 25 = svCM: Sound Velocity [Chen-Millero, m/s]
# name 26 = svCM1: Sound Velocity, 2 [Chen-Millero, m/s]
# name 27 = sbeox0ML/L: Oxygen, SBE 43 [ml/l], WS = 2
# name 28 = sbeox1ML/L: Oxygen, SBE 43, 2 [ml/l], WS = 2
# name 29 = sbeox0PS: Oxygen, SBE 43 [% saturation], WS = 2
# name 30 = sbeox1PS: Oxygen, SBE 43, 2 [% saturation], WS = 2
# name 31 = nbin: number of scans per bin
# name 32 = flag: flag
# span 0 =      36626,      40838
# span 1 =      2.000,     59.000
# span 2 =     2.3155,     8.2842
# span 3 =     2.3171,     8.2851
# span 4 =   2.058799,   3.636911
# span 5 =   2.058763,   3.636907
# span 6 =          1,          1
# span 7 =     2.7394,     3.4438
# span 8 =     2.3126,     2.9148
# span 9 =      -4.91,      58.47
# span 10 =     -0.545,      0.684
# span 11 =     0.0369,     1.5379
# span 12 =    -0.0342,     0.1511
# span 13 = -1.361e-06, 1.0386e+02
# span 14 =     0.1021,     1.7494
# span 15 =    22.2787,    34.8661
# span 16 =    22.2781,    34.8650
# span 17 =    -0.0750,     0.4054
# span 18 =    -0.0372,     0.2065
# span 19 =  1017.8064,  1027.3947
# span 20 =  1017.8110,  1027.3928
# span 21 =    17.7806,    27.1281
# span 22 =    17.7801,    27.1270
# span 23 =      1.982,     58.451
# span 24 =      2.001,     58.643
# span 25 =    1442.95,    1484.30
# span 26 =    1442.98,    1484.30
# span 27 =     5.0812,     8.6273
# span 28 =     5.1362,     8.6309
# span 29 =     77.406,    105.256
# span 30 =     78.238,    105.338
# span 31 =          2,         56
# span 32 = 0.0000e+00, 0.0000e+00
# interval = decibars: 0.5
# start_time = Mar 13 2026 10:05:31 [NMEA time, first data scan]
# bad_flag = -9.990e-29
*END*
      36626      2.000     2.3212     2.3235    2.06110    2.06169          1     3.3757     2.8738      58.35     -0.545     1.3920     0.1511  1.039e+02  0.1452000    22.3050    22.3102     0.0053     0.0023  1017.8109  1017.8150    17.8014    17.8054      1.982      2.001    1442.97    1442.99     8.4443     8.5182   102.5270   103.4350          2  0.000e+00
      36660      2.500     2.3256     2.3274    2.06329    2.06333          1     3.3741     2.8723      58.47      0.031     1.4197     0.1071  8.064e+01  0.1542000    22.3275    22.3268    -0.0007     0.0017  1017.8312  1017.8305    17.8192    17.8185      2.477      2.502    1443.02    1443.03     8.4373     8.5112   102.4710   103.3720         33  0.000e+00
      36853      3.000     2.3213     2.3241    2.06171    2.06214          1     3.3742     2.8700      57.78      0.105     1.4131     0.1211  7.160e+01  0.1520000    22.3117    22.3148     0.0031     0.0028  1017.8211  1017.8235    17.8067    17.8091      2.973      3.002    1442.99    1443.01     8.4402     8.5052   102.4830   103.2820         31  0.000e+00
      36889      3.500     2.3166     2.3220    2.05992    2.06198          1     3.3742     2.8706      57.33      0.339     1.4287     0.1375  6.358e+01  0.1655000    22.2936    22.3142     0.0205     0.0054  1017.8093  1017.8255    17.7925    17.8087      3.468      3.503    1442.96    1443.01     8.4430     8.5083   102.4920   103.3140         25  0.000e+00
      36914      4.000     2.3165     2.3188    2.05937    2.06019          1     3.3743     2.8707      57.02      0.469     1.4487     0.1175  5.208e+01  0.1660000    22.2870    22.2950     0.0081     0.0023  1017.8064  1017.8128    17.7872    17.7936      3.963      4.003    1442.95    1442.98     8.4445     8.5112   102.5050   103.3260         26  0.000e+00
      36944      4.500     2.3186     2.3190    2.06022    2.06015          1     3.3744     2.8705      56.62      0.436     1.5040     0.1269  4.700e+01  0.1753000    22.2954    22.2943    -0.0011     0.0004  1017.8155  1017.8146    17.7939    17.7930      4.459      4.503    1442.98    1442.98     8.4441     8.5110   102.5110   103.3240         33  0.000e+00
      36977      5.000     2.3170     2.3180    2.06022    2.05980          1     3.3748     2.8693      56.03      0.358     1.5379     0.0979  4.127e+01  0.1721000    22.2962    22.2906    -0.0056     0.0010  1017.8186  1017.8140    17.7946    17.7900      4.954      5.004    1442.98    1442.98     8.4462     8.5075   102.5340   103.2770         31  0.000e+00
      37006      5.500     2.3155     2.3171    2.05904    2.05918          1     3.3748     2.8692      55.48      0.403     1.4401     0.1131  3.825e+01  0.1806000    22.2832    22.2837     0.0005     0.0016  1017.8107  1017.8110    17.7843    17.7846      5.450      5.504    1442.97    1442.98     8.4480     8.5087   102.5420   103.2830         30  0.000e+00
      37036      6.000     2.3193     2.3198    2.05892    2.05917          1     3.3744     2.8696      54.87      0.397     1.4382     0.1445  3.384e+01  0.1824000    22.2789    22.2815     0.0026     0.0005  1017.8095  1017.8115    17.7807    17.7827      5.945      6.004    1442.99    1443.00     8.4468     8.5100   102.5350   103.3060         29  0.000e+00
      37065      6.500     2.3180     2.3185    2.05898    2.05896          1     3.3741     2.8694      54.32      0.413     1.4120     0.1069  3.050e+01  0.1870000    22.2803    22.2798    -0.0006     0.0005  1017.8131  1017.8126    17.7819    17.7814      6.440      6.505    1442.99    1442.99     8.4464     8.5102   102.5280   103.3030         28  0.000e+00
      37095      7.000     2.3170     2.3172    2.05880    2.05876          1     3.3737     2.8693      53.92      0.408     1.3802     0.1082  2.624e+01  0.1822000    22.2787    22.2781    -0.0006     0.0002  1017.8142  1017.8137    17.7806    17.7801      6.936      7.005    1443.00    1443.00     8.4460     8.5110   102.5200   103.3080         36  0.000e+00
      37135      7.500     2.3173     2.3198    2.05926    2.06051          1     3.3731     2.8696      53.59      0.299     1.4494     0.1474  2.343e+01  0.1741000    22.2837    22.2967     0.0130     0.0025  1017.8206  1017.8309    17.7846    17.7949      7.431      7.505    1443.01    1443.04     8.4444     8.5107   102.5040   103.3240         39  0.000e+00
      37167      8.000     2.3195     2.3224    2.06072    2.06180          1     3.3738     2.8694      52.99      0.342     1.4689     0.1046  2.275e+01  0.1692000    22.2992    22.3100     0.0108     0.0029  1017.8353  1017.8438    17.7968    17.8054      7.927      8.006    1443.05    1443.07     8.4458     8.5092   102.5370   103.3220         26  0.000e+00
      37192      8.500     2.3195     2.3208    2.06074    2.06066          1     3.3737     2.8702      52.26      0.453     1.4636     0.1056  2.125e+01  0.1744000    22.2992    22.2974    -0.0018     0.0014  1017.8377  1017.8362    17.7969    17.7954      8.422      8.506    1443.06    1443.06     8.4461     8.5138   102.5410   103.3660         25  0.000e+00
      37217      9.000     2.3204     2.3225    2.06112    2.06141          1     3.3737     2.8702      51.62      0.485     1.4559     0.1236  1.805e+01  0.1797000    22.3030    22.3049     0.0019     0.0022  1017.8431  1017.8445    17.7999    17.8013      8.917      9.007    1443.07    1443.09     8.4461     8.5135   102.5460   103.3710         24  0.000e+00
      37242      9.500     2.3233     2.3247    2.06292    2.06315          1     3.3730     2.8691      51.45      0.489     1.4661     0.0933  1.526e+01  0.1780000    22.3220    22.3237     0.0017     0.0014  1017.8605  1017.8618    17.8149    17.8162      9.413      9.507    1443.12    1443.13     8.4425     8.5085   102.5230   103.3290         26  0.000e+00
      37270     10.000     2.3244     2.3259    2.06331    2.06362          1     3.3730     2.8684      51.05      0.453     1.4682     0.1400  1.363e+01  0.1717000    22.3256    22.3282     0.0026     0.0016  1017.8657  1017.8677    17.8177    17.8197      9.908     10.007    1443.14    1443.15     8.4425     8.5059   102.5290   103.3040         32  0.000e+00
      37303     10.500     2.3222     2.3240    2.06256    2.06266          1     3.3748     2.8698      50.36      0.361     1.3818     0.1178  1.329e+01  0.1747000    22.3180    22.3180    -0.0000     0.0018  1017.8622  1017.8621    17.8118    17.8117     10.404     10.508    1443.12    1443.13     8.4500     8.5125   102.6080   103.3730         32  0.000e+00
      37332     11.000     2.3226     2.3261    2.06270    2.06384          1     3.3746     2.8696      49.76      0.389     1.3650     0.1204  1.297e+01  0.1642000    22.3193    22.3302     0.0109     0.0036  1017.8656  1017.8741    17.8127    17.8213     10.899     11.008    1443.14    1443.17     8.4496     8.5109   102.6050   103.3680         25  0.000e+00
      37356     11.500     2.3338     2.3494    2.06717    2.07417          1     3.3730     2.8682      49.13      0.476     1.4076     0.1122  1.141e+01  0.1690000    22.3640    22.4356     0.0716     0.0156  1017.9031  1017.9595    17.8479    17.9043     11.394     11.508    1443.25    1443.42     8.4396     8.4946   102.5460   103.3060         25  0.000e+00
      37381     12.000     2.3877     2.3951    2.09048    2.09245          1     3.3725     2.8652      48.86      0.486     1.3966     0.1400  9.624e+00  0.1691000    22.6010    22.6190     0.0180     0.0074  1018.0920  1018.1060    18.0344    18.0485     11.890     12.009    1443.81    1443.87     8.4117     8.4624   102.5130   103.1640         26  0.000e+00
      37409     12.500     2.3911     2.4136    2.09148    2.09970          1     3.3852     2.8788      48.40      0.452     1.3458     0.1475  8.684e+00  0.1695000    22.6103    22.6912     0.0810     0.0225  1018.1016  1018.1651    18.0417    18.1052     12.385     12.509    1443.85    1444.05     8.4510     8.5028   103.0090   103.7590         30  0.000e+00
      37444     13.000     2.4085     2.4174    2.09857    2.10079          1     3.4438     2.9148      47.57      0.356     1.3180     0.1180  8.545e+00  0.1565000    22.6814    22.7011     0.0198     0.0089  1018.1599  1018.1752    18.0976    18.1129     12.881     13.009    1444.03    1444.09     8.6273     8.6309   105.2560   105.3380         39  0.000e+00
      37478     13.500     2.5356     2.5576    2.14581    2.15876          1     3.3893     2.8502      47.03      0.335     1.2388     0.1240  8.116e+00  0.1502000    23.1460    23.2823     0.1363     0.0220  1018.5261  1018.6336    18.4615    18.5690     13.376     13.509    1445.20    1445.48     8.3990     8.3335   103.1250   102.4730         28  0.000e+00
      37506     14.000     4.3261     4.5326    2.72824    2.77799          1     3.2991     2.7787      46.58      0.421     0.9270     0.1028  6.981e+00  0.1354000    28.4835    28.8890     0.4054     0.2065  1022.6387  1022.9441    22.5730    22.8785     13.871     14.008    1459.82    1461.23     7.4478     7.3606    99.0930    98.7440         29  0.000e+00
      37535     14.500     5.0158     5.0093    2.92122    2.91968          1     3.1852     2.6860      46.16      0.415     0.4220     0.0654  6.152e+00  0.1021000    30.1000    30.0884    -0.0116    -0.0066  1023.8588  1023.8503    23.7912    23.7827     14.367     14.506    1464.79    1464.75     6.9091     6.9137    94.5590    94.5990         28  0.000e+00
      37562     15.000     5.7621     5.7249    3.12202    3.11226          1     3.0965     2.6139      45.71      0.430     0.2986     0.0429  5.745e+00  0.1094000    31.6768    31.6018    -0.0750    -0.0372  1025.0243  1024.9693    24.9548    24.8999     14.862     15.003    1469.83    1469.59     6.4650     6.4951    91.0040    91.3030         29  0.000e+00
      37595     15.500     6.2312     6.2548    3.22949    3.23489          1     3.0303     2.5614      45.06      0.387     0.2471     0.0291  5.602e+00  0.1373000    32.4381    32.4758     0.0377     0.0236  1025.5718  1025.5986    25.5003    25.5271     15.358     15.500    1472.68    1472.83     6.1779     6.2099    88.3890    88.9190         34  0.000e+00
      37625     16.000     6.5186     6.5050    3.28962    3.28698          1     2.9856     2.5263      44.53      0.376     0.2050    -0.0342  5.227e+00  0.1359000    32.8297    32.8136    -0.0162    -0.0137  1025.8465  1025.8355    25.7729    25.7619     15.853     15.996    1474.32    1474.25     5.9995     6.0517    86.6380    87.3540         26  0.000e+00
      37650     16.500     6.7868     6.7767    3.34397    3.34190          1     2.9588     2.5050      44.11      0.451     0.1874     0.0435  4.780e+00  0.1399000    33.1707    33.1577    -0.0130    -0.0102  1026.0823  1026.0735    26.0066    25.9977     16.348     16.493    1475.81    1475.75     5.8758     5.9333    85.5730    86.3820         23  0.000e+00
      37672     17.000     6.9705     6.9652    3.37956    3.37870          1     2.9391     2.4894      43.77      0.512     0.1598     0.0188  4.399e+00  0.1504000    33.3834    33.3791    -0.0043    -0.0052  1026.2275  1026.2249    26.1496    26.1469     16.844     16.989    1476.80    1476.77     5.7897     5.8509    84.7950    85.6790         24  0.000e+00
      37697     17.500     7.1311     7.1271    3.41341    3.41218          1     2.9209     2.4742      43.22      0.508     0.1253     0.0391  4.152e+00  0.1635000    33.5974    33.5878    -0.0095    -0.0040  1026.3763  1026.3694    26.2962    26.2892     17.339     17.485    1477.70    1477.67     5.7118     5.7749    84.0810    84.9970         27  0.000e+00
      37731     18.000     7.2717     7.2731    3.44266    3.44277          1     2.9018     2.4584      42.53      0.390     0.1104     0.0413  4.009e+00  0.1824000    33.7791    33.7790    -0.0001     0.0014  1026.5021  1026.5018    26.4198    26.4195     17.834     17.982    1478.48    1478.48     5.6362     5.7009    83.3340    84.2940         39  0.000e+00
      37766     18.500     7.4132     7.4145    3.46874    3.46903          1     2.8836     2.4460      42.08      0.320     0.1048     0.0078  3.894e+00  0.2044000    33.9243    33.9262     0.0019     0.0013  1026.5987  1026.6000    26.5141    26.5154     18.330     18.478    1479.21    1479.22     5.5650     5.6395    82.6270    83.7370         30  0.000e+00
      37793     19.000     7.5055     7.5072    3.48790    3.48804          1     2.8816     2.4457      41.77      0.416     0.1099     0.0202  3.671e+00  0.2174000    34.0415    34.0414    -0.0001     0.0017  1026.6800  1026.6797    26.5932    26.5929     18.825     18.974    1479.72    1479.72     5.5431     5.6217    82.5380    83.7120         26  0.000e+00
      37820     19.500     7.5496     7.5509    3.49517    3.49522          1     2.8821     2.4451      41.21      0.456     0.0703     0.0400  3.403e+00  0.2577000    34.0769    34.0761    -0.0008     0.0013  1026.7038  1026.7030    26.6148    26.6140     19.321     19.470    1479.94    1479.94     5.5374     5.6132    82.5550    83.6870         26  0.000e+00
      37847     20.000     7.5769     7.5788    3.50056    3.50089          1     2.8802     2.4425      40.62      0.445     0.0795     0.0649  3.208e+00  0.2561000    34.1081    34.1099     0.0018     0.0019  1026.7267  1026.7279    26.6354    26.6365     19.816     19.966    1480.09    1480.10     5.5281     5.6008    82.4840    83.5730         29  0.000e+00
      37877     20.500     7.7149     7.7110    3.52819    3.52739          1     2.8754     2.4390      40.25      0.413     0.0769     0.0435  3.070e+00  0.2461000    34.2711    34.2662    -0.0049    -0.0038  1026.8371  1026.8338    26.7436    26.7403     20.311     20.462    1480.83    1480.81     5.4915     5.5669    82.2820    83.4020         30  0.000e+00
      37908     21.000     7.7846     7.7834    3.54103    3.54065          1     2.8708     2.4361      39.74      0.398     0.0613     0.0299  2.923e+00  0.2977000    34.3408    34.3378    -0.0030    -0.0011  1026.8839  1026.8818    26.7882    26.7860     20.807     20.958    1481.19    1481.18     5.4683     5.5465    82.1020    83.2720         34  0.000e+00
      37944     21.500     7.8193     7.8179    3.54876    3.54823          1     2.8644     2.4321      39.06      0.331     0.0626     0.0442  2.760e+00  0.3141000    34.3895    34.3853    -0.0043    -0.0015  1026.9194  1026.9163    26.8214    26.8183     21.302     21.454    1481.39    1481.38     5.4461     5.5291    81.8590    83.1000         36  0.000e+00
      37972     22.000     7.8727     7.8723    3.56026    3.56000          1     2.8592     2.4279      38.81      0.361     0.0607     0.0140  2.618e+00  0.3390000    34.4604    34.4581    -0.0023    -0.0005  1026.9695  1026.9678    26.8693    26.8675     21.797     21.950    1481.68    1481.68     5.4238     5.5074    81.6590    82.9160         20  0.000e+00
      37991     22.500     7.8874     7.8874    3.56300    3.56284          1     2.8570     2.4258      38.63      0.520     0.0649     0.0150  2.457e+00  0.3742000    34.4752    34.4735    -0.0017    -0.0000  1026.9812  1026.9799    26.8787    26.8774     22.293     22.446    1481.77    1481.77     5.4161     5.4989    81.5780    82.8240         18  0.000e+00
      38011     23.000     7.9016     7.9023    3.56585    3.56581          1     2.8551     2.4232      37.87      0.623     0.1635     0.0262  2.328e+00  0.4117000    34.4916    34.4905    -0.0011     0.0007  1026.9943  1026.9933    26.8895    26.8885     22.788     22.942    1481.85    1481.85     5.4092     5.4892    81.5090    82.7150         26  0.000e+00
